145750	3847,24242
8555500	29078
4256500	2410
9039750	3228,11196
4115500	6731
12215000	8637,6672
3404000	905,29,3627,8446,22246,18273,6246
7367000	21336,21975,15686
7927750	26288
9982500	542
10443000	19466,23628
1710500	14780
9706000	20297,29099,23340,22094,12168
3913250	9230,8409,9948,9242,8689
9351750	11080
4195500	7737,20456
239250	28481
5292000	8643
1194750	83,25366,7400,4059
5108000	29203,15094,4254,29547
1617250	28463,11951,18002
4054000	9090,24088,11304
8145500	21883
12371000	12394
1832000	25687
3188000	9567
3249250	2513
6099250	11823,13244
2050000	26866
2316250	9688,9657,26288
10533750	24601,14261
10915250	23556,18075
7116750	14930,10308
3031750	11263,21565,16110,18131,7323
5170500	6096
11111500	27791
10302500	28164,26087,7409,6630,2626,14065
3114000	20536,23928
452750	14796
11947000	16865,23482,6505,9522,11080,13103
8163500	22621,26959
6126750	25117
1579250	4953,21160
12417500	7963,17959,8689
8156500	8842
4423500	24193,4147
6766250	27791,4307
11632250	25022
5034000	7465
8845250	18736,22484,14020,6550,12008,28653
11493000	22727,9072,12453,7868
9079500	7868
8730250	28876,3228,11679,12068,28453,911
65500	5443,6152
832250	27791,22963
10054250	4667,11159,19660,1079
4503500	24193
8033500	28653,2471,6113
11142000	17407
4376250	15631,19993,8689,21225,27407
5901250	14575
5024500	12977
5812000	19993,2683
2182750	19643
10401500	22950,12189,27791
3588500	21336,530
6247250	15814
10322250	5185
3148500	16217,14894,27346,12795
11169500	25040
47000	23549
4102750	10026,21787,19149,20585
5655250	11196
3293750	26523,25193
267250	2367,10690
6654750	16110,14261
5957500	24966
4475750	3719,13592
7190750	27791
7163250	17748
12231250	26973,6246
11535500	11679
9842500	18805,25086,7380,10908
7320250	26728
3009000	5627,22393,8724,27117
1727500	4452,7812
4454500	15019,27117
2251750	23549
5952250	5067
10773000	2257,9486
10696000	14887,11022
140500	14625
8617500	28270,11280,26619,27625
7600250	3228
2704750	5764,3658
232000	21865,7868
528250	155,8693
10069500	4571,18519,15322,10740
1189000	23612,16361,27615
4378500	16100
7211250	23656
5754500	8307,3954
7810250	8637
3520000	1700,23928,14415
6571750	9193,16540
8353250	16331,27205,12285
8910750	26614,24929,5598,12688,27514
1969000	18002,12220
5011500	23779,23013,22280,11196
12275500	21930
7450000	29202,14261
3795000	29099
8528750	16913
2874500	10840,7868
1531250	22179
2103250	7567,12394
5279750	20386,2368
1812000	11196
6233750	3458,4220,18180,10584
11761750	554
2797750	28270
9794000	642
5059000	9195
11225500	24869,23342
4370750	1666
8523250	15934
847750	28169
9244000	7868
8102000	768
6150750	18185,15831
8633500	8148,5833
6412750	15019
1782250	18024,155
9979000	251
1074500	16602,9567
11874000	4220,13844,12220,18180
7218000	11201,21936,22317,15859
11579750	12688
3089500	1917
5248750	28924,27035
4399750	23207
10831750	5640
7921500	22556
3344750	5310,17748,28463,18290,3313,7542
1699500	16716,24715
11321750	7997
5780000	17214,17959,15315,11022,22313,7061,21336,17061,22529,15811,5814
11701500	26679
3981750	6520,21565,27791,5053
854250	9881
3326250	9479
8702500	23779,8257,17597,29547,3390,19381,11196,15138,24780,7105,16540
8017000	22280,23284,15096
7797000	11196
9035750	20661,17977,7850,9881
3282250	11857
981000	28270,12394,16140,11176,27160
3954500	15584
2168250	13494,7868
6998500	1031
11535250	2257,16463,19021
6172000	24704
1525000	2257,11196
4844000	24196,12899,15934
3035250	11080
11362000	10240,8693
10628500	18736,21336,27791,13784,27117,7045,23549,4039,398,5652
11391250	28924
2088000	10949,2198,25079
7687500	14498
1118250	26665,24306,8278
4073250	27415
2200750	24506,12674,18741
7854500	527,7323
1446250	7105,19751
9782000	29364
5491500	9472,18024,20751,25212
4153000	21865
11137750	5832,6104,21841,19891,6193,4226,25360
4037500	25883
5915250	2367,15138
10000250	17153
200250	12352,9620
7375000	11201
6380000	24459
12386500	2367
12028500	13390,21392,11196
5254500	7868
9807250	18905,7868
7143250	217,10702,22087,7613
1140750	22313,12541
7103000	15019,5574
3903500	1392
3963750	13737,4949,3809,11330
11114000	25372
11730000	21565,13390
1909250	23470,6326,14209,504,10014,24645,20516
5910250	28525
10592000	1335
1381000	17958
6400000	15258,3313,2452
3719250	4960
1971500	7096,25329
7435500	27950
5407750	6352
38250	28719,14265,14318,11176,10051
2771250	14694,12606,2513
11307500	12068,20300
1247000	25635
3684750	16754
3317500	3032
2870250	17606,14020,4003,28603
5354000	20180
7898750	26894
5968250	16406
418500	18002
1793250	2033
2921750	27791,143
434750	16972,19394,21911,27511,4571
5139250	11080
5654000	29231,5896
3592750	14694
4895250	15423
11590500	17512
2378500	5099,18937,23774,3228
4712250	20902
1792000	20979,6203
4967250	12431,6101,7868
6957500	16722,22029
4047000	29446
11434750	9985,7071
10212500	24081,24788,12927
5846250	1831,18200
5187750	1481
1063000	28481,22280
4876750	949
415500	554
2920750	23407,22359
5226500	3627,7868
621500	29099,2683
7405250	11330,17431
9436000	504
5078750	25669,18990,14580
9586500	17401,8860
10768750	19993
6780500	10893
5898500	26722
6234000	21372,4220,18051,17020
835000	11734,14048,19632,16722
3723750	12271,4078
10609250	8693
3211250	17706,27155,6148,11076,12431
1074750	3699,12220,10171,12747,527,11904,11080
3014750	7868
10944750	28752,155,25372
9069000	19937,22393,28017
1165500	15423
11340250	14294
3644250	29473,4381,18843,16406,4775,7127
11564250	14969,25483,6104
12377250	2729,14020,18075,3151,5799
1046250	27791
5220750	8689,28438
5037000	21140,14796
4770500	9165,10404,6988
2386250	948,7061,1008
6497000	20747
6683750	29203
4852500	11665,24541,911,26288,16500
9121750	7868
5865750	10268,57,3228
6272000	2803,12055,17400
10297000	25058,18075,27056
8230750	24841
417250	12068
1110750	20578,12426
3625250	26614,5625
9179500	17835,27637,11196
4184250	14020,11196,4949,23928,241,11983
1240250	2160
5264500	27791
4063000	19974
8049000	22749
1181250	23284
6700250	8719,9549
9628250	23779
266500	10282
10063000	10893,14930
309750	15365
2882750	4452,29225
8129250	18097,25733,7868
7892000	4354,8489
2198750	12257,12394,16550,12220,13054
3581250	22126,23482
4658500	17453,25917,27625,10948
7322250	23861
10539250	14020,1461
5726500	17244
1025250	1918,13247
9512750	4239
10774750	2899,27791,1577
12229000	17389,12588
8799750	18024,12018,20826
8822250	25402
5239500	14153
9199500	24969
7002750	1481
472000	25333,23584,6211,3515
4257000	27625
6751750	510,3068,3658,1008,16243
3846250	11882,23143
8435250	21067,16540,7105,14261
7830250	17237
8314250	27618,11196
10818500	23779,5334
8243500	4931,11196,949,4479,24869,18075,11776
3096750	8628,20388
8040000	8257,15138,17084,239
19500	19421,20551
2752000	12243,22179,3032
2492500	20979,19005
5539250	7868
9437500	489
2232500	679
1953250	12394,2610,3658,14020,25289
10229250	8689,23628
711500	11052,26722,4709,17118
6301250	8637,11543,16463,8226,574
9123500	14694,18678,12168
10257500	10893
3742000	26168
10261750	1222,21657,28270,19394,14533,17061,14261
6849750	2199,6757
6258500	12068
1806750	26394
12015000	7552
8529750	22583
9163000	6096
887750	15019
2078000	17449,14902
10234000	10970,9111,4039,3719,28653
6874250	17760,18805,647,26754,8637,28410,15584,14265,11628,12168,2683
1724250	23198,3228,15269
2975500	16406,14902,5086,19745
6807250	22393,8327
5959000	14242,14153
11121500	13049,15799
11158000	21930,239,20835,15018,24565,7868
9694750	14550
4059500	16463
10393750	3438,29265,2437
3524750	26871
2988000	15828,22482
1338750	845,2966,12586
1622500	22027,8148,19179,451
5769750	24503
10052000	22126,7680
12065000	12453
2033500	8689,11176,18611,4949,3627,11465,20015,20417,7473
6061250	10893,16463,22359
5256500	20679,614,3775
2480750	23284
7269250	23295,27791,20578,24571,2729
3304500	3592,17228,25169,4931,3804,13554,18086,24461,29099,22269,17512
1966250	25260,26722,3228
10224750	1481
3310750	15432
364250	11679
8385000	9111,18080,19217,7680
9802000	5883
746000	21865,155
599750	20297,9657
4921000	23549
4716750	29202,2683
691500	22664
8280500	16674,17972
1688750	12220
11949750	2198,5403
11494250	11196
4317250	22029
984500	2513
8096750	5267,24887
8271000	11280
439000	25415,24060,6104,3362,16821,12287,26404,2198,7868
6003750	15414,23013,7737,8792
12234750	21632,29465
2891500	28370,4949,3627,8027,819,2257,8724,14580,255
5697750	2367
3350250	18736,3384,25420,1672,24765
892500	17180,239,23403
776750	18388,3228,2963,26699
1767500	27977,20180
6571000	4254,5470,12162
10588000	15138
8160750	15308,18529
5642000	10840,10726,14318,12512
282500	12055
11972750	15631,4846,7260,21693,7936
5143250	26614,26394,23549,6287,14482
11711250	10866,6175,24942,23861,1392
2807500	12688,1015,1010,3817,27117
10312750	12352,20367,3627
11984750	251,3627
6921750	19095,19197
5440750	19862,20045
4215750	23928
11683250	12541
7184500	28463,10193,7868
10057000	8193
448250	15911
9651250	5639,1598
1324500	6305,7868,27927,5336
4625750	22321,26000
1620500	23735,5833
799000	27791
4533750	4324
3149000	9804,9486
5012750	2208,7963
4922750	18024,2669
5742000	5593,19523
5751500	14873
8072250	6098
6257000	23563,23628
10642000	20536,7576
4004500	19686
8573000	6158,28049
848500	7286
9513250	9195,23928
1244250	4324,1691
4902250	23628
9906500	23656,5185
7699500	11793,8719,14182,9802,18730
12331000	7542,18180
11747250	11244
12154500	2568,8689,9471,9549,17640,7868
5155750	24669
1629250	18024,19891
71250	28641
12004000	5081,15307
11687000	8689
7886000	9472
11300000	2963
2076000	19339,3390,7560,14483,24277,8549,24886
11612500	5848
5999000	26523
9946250	21865,26619
3787750	26969,2610
7657250	7997,29445
1528500	28370,18466,23774,3627,22749,12977,5799
11440500	2179
965500	26845,25003
1365000	13737
12173500	1325,554,28184,9817,3627,15405
4133750	27638,25372,14451
11078500	9275
6412250	7260
1758250	28463
3010000	13975
380000	14174,554,22094
5226250	15907,8689
6458500	8637
12239250	20519,26288
731750	15924,9195,7692,11196
6564500	14902,11176,26576,16406,11612,12977
7445000	18075
791500	3627,24831
11957000	16818,23907
8216750	24281
1173500	20143,8257,8049,20037,15661,5848
5238000	15018,21833,2683
6694750	14020,24196
4782250	10778,9658
1906000	2438,9532,12220,2683
6713250	5185,18879,1758,24344,27625,2367
7715000	11790
154500	18805,8689,5863,10353
12016750	28653,18741
573000	18868,19615,16653
2331750	22126,953,7179
8757750	18024
9720000	1392
10095000	14261
2364500	21865
3675000	1565
8149250	2367,11679,11196
11625250	21628,18990,3740,28017
4259500	29099,15315
11558000	749
969750	17823
10966250	8689
7588000	10329,28975,28653,28824,5848
6848750	21336,8689
10592750	23798
4256000	11679
5962750	27446,5803,16800,9563
11794250	164,28924
7345250	2750
10492250	11061,24984,20045,26464
2187500	6158,27394,23628
3288250	5592
2940000	25260,25086,11767,26722,12220,24486,12168,2683
8216500	27791,22552,14159
7476250	1037
6155250	7850,4220,15661
3799500	21768
5293250	20506,679
1086750	1084,18977,7868
5261000	1591,21581,15308
9352750	28759,17133,6548
4886500	17640
5052000	16420,7868
3511000	29203,14020,13020,15164
9173750	16540,16110
3861500	20470,7868
1838750	16818
8949750	17438
11313000	7456,17013,27406,11196
4304250	7868
